387,27,628,27,628,53,387,53,tittle:北京增值税普通发票
269,134,449,134,449,146,269,146,company_buy:信阳市哟原茵畔找韧有限公司
237,153,355,153,355,164,237,164,id_buy:136573162253465
257,173,509,173,509,185,257,185,addr_tel_buy:毕节市织金县宾遇街道松创小区  65815661
222,197,512,197,512,206,222,206,bank_acco_buy:周口市任舞户银行谊差晚支行利镖座分理处 079960051CN5JJ27TT
95,245,178,245,178,257,95,257,goods:蒯溶鲠免魄千
95,260,178,260,178,272,95,272,goods:斌谑件酬铿莩
95,277,234,277,234,289,95,289,goods:驽渴豉掂蛐膘霄奉啦抄
95,297,276,297,276,310,95,310,goods:捣荷圜秏防肘账谈诵万邠牒夫
95,314,209,314,209,326,95,326,goods:葡并4鑫枪芎媢P绅
95,334,192,334,192,346,95,346,goods:脏固每篡枞方诽
788,245,813,245,813,256,788,256,tax_rate:14%
788,265,802,265,802,276,788,276,tax_rate:20
788,283,813,283,813,294,788,294,tax_rate:11%
355,418,449,418,449,431,355,431,ancient_amount:壹陆分零角整
768,417,832,417,832,428,768,428,last_amount:8907.72
234,453,388,453,388,465,234,465,company_sell:鸡西市晚削槐科技有限公司
257,470,406,470,406,481,257,481,id_sell:387386676PT0NJ13U0
227,491,452,491,452,500,227,500,addr_tel_sell:石嘴山市惠农区彦悌柳街道怡锈小区  019-71337140
226,512,442,512,442,520,226,520,bank_acco_sell:赤峰市绝轲尔旻银行没坤宜支行229934883891466768
